# Max wavelength (nm), Ratio_Sca, Ratio_Exc
5.454545454545454959e+02 2.713530563410859031e+01 3.454213854609861301e+01
5.473193473193473437e+02 2.859867832507120511e+01 3.582947133989569011e+01
5.491841491841491916e+02 3.003663696287571838e+01 3.709360380310272376e+01
5.510489510489510394e+02 3.144918154752235750e+01 3.833453593571994134e+01
5.529137529137530009e+02 3.283631207901134985e+01 3.955226773774779758e+01
5.547785547785548488e+02 3.419802855734246805e+01 4.074679920918492826e+01
5.566433566433566966e+02 3.553433098251548472e+01 4.191813035003292498e+01
5.585081585081585445e+02 3.684521935453062724e+01 4.306626116029042350e+01
5.603729603729603923e+02 3.813069367338812299e+01 4.419119163995856070e+01
5.622377622377622401e+02 3.939075393908751721e+01 4.529292178903665445e+01
5.641025641025642017e+02 4.062540015162926466e+01 4.637145160752493211e+01
5.659673659673660495e+02 4.183463231101268320e+01 4.742678109542316633e+01
5.678321678321678974e+02 4.301845041723845497e+01 4.845891025273158448e+01
5.696969696969697452e+02 4.417685447030635260e+01 4.946783907945018655e+01
5.715617715617715930e+02 4.530984447021614869e+01 5.045356757557897254e+01
5.734265734265734409e+02 4.641742041696807064e+01 5.141609574111748771e+01
5.752913752913752887e+02 4.749958231056234581e+01 5.235542357606664154e+01
5.771561771561772503e+02 4.855633015099851946e+01 5.327155108042575193e+01
5.790209790209790981e+02 4.958766393827681895e+01 5.416447825419481887e+01
5.808857808857809459e+02 5.059358367239724430e+01 5.503420509737406974e+01
5.827505827505827938e+02 5.157408935335979550e+01 5.588073160996350452e+01
5.846153846153846416e+02 5.252918098116424517e+01 5.670405779196312324e+01
5.864801864801864895e+02 5.345885855581104806e+01 5.750418364337269850e+01
5.883449883449884510e+02 5.436312207729974944e+01 5.828110916419291243e+01
5.902097902097902988e+02 5.524197154563080403e+01 5.903483435442240079e+01
5.920745920745921467e+02 5.609540696080375710e+01 5.976535921406275520e+01
5.939393939393939945e+02 5.692342832281883602e+01 6.047268374311261141e+01
5.958041958041958424e+02 5.772603563167604079e+01 6.115680794157310629e+01
5.976689976689976902e+02 5.850322888737537141e+01 6.181773180944333035e+01
5.995337995337995380e+02 5.925500808991682788e+01 6.245545534672396570e+01
6.013986013986014996e+02 5.998137323930041021e+01 6.306997855341478498e+01
6.032634032634033474e+02 6.068232433552589100e+01 6.366130142951556081e+01
6.051282051282051953e+02 6.135786137859372502e+01 6.422942397502629319e+01
6.069930069930070431e+02 6.200798436850345752e+01 6.477434618994743687e+01
6.088578088578088909e+02 6.263269330525531586e+01 6.529606807427853710e+01
6.107226107226107388e+02 6.323198818884930006e+01 6.579458962801982125e+01
6.125874125874127003e+02 6.380586901928563748e+01 6.626991085117151670e+01
6.144522144522145481e+02 6.435433579656387337e+01 6.672203174373294132e+01
6.163170163170163960e+02 6.487738852068423512e+01 6.715095230570454987e+01
6.181818181818182438e+02 6.537502719164672271e+01 6.755667253708634234e+01
