# Max wavelength (nm), Ratio_Sca, Ratio_Exc
5.636363636363636260e+02 2.622213812834786495e+01 2.903276942177274123e+01
5.664335664335663978e+02 2.755865935307531345e+01 3.039646876766096284e+01
5.692307692307691696e+02 2.887671024598398617e+01 3.173789812023142076e+01
5.720279720279720550e+02 3.017629080707399680e+01 3.305705747948445605e+01
5.748251748251748268e+02 3.145740103634489060e+01 3.435394684541972765e+01
5.776223776223775985e+02 3.272004093379712231e+01 3.562856621803734924e+01
5.804195804195803703e+02 3.396421049943046455e+01 3.688091559733732083e+01
5.832167832167832557e+02 3.518990973324491733e+01 3.811099498331975610e+01
5.860139860139860275e+02 3.639713863524070803e+01 3.931880437598442768e+01
5.888111888111887993e+02 3.758589720541749557e+01 4.050434377533144925e+01
5.916083916083915710e+02 3.875618544377562102e+01 4.166761318136082082e+01
5.944055944055944565e+02 3.990800335031485702e+01 4.280861259407254238e+01
5.972027972027972282e+02 4.104135092503520355e+01 4.392734201346661393e+01
6.000000000000000000e+02 4.215622816793677430e+01 4.502380143954303549e+01
6.027972027972027718e+02 4.325263507901956928e+01 4.609799087230192072e+01
6.055944055944055435e+02 4.433057165828347479e+01 4.714991031174304226e+01
6.083916083916084290e+02 4.539003790572871821e+01 4.817955975786640010e+01
6.111888111888112007e+02 4.643103382135507218e+01 4.918693921067244901e+01
6.139860139860139725e+02 4.745355940516253668e+01 5.017204867016062053e+01
6.167832167832167443e+02 4.845761465715111171e+01 5.113488813633114205e+01
6.195804195804196297e+02 4.944319957732091098e+01 5.207545760918412725e+01
6.223776223776224015e+02 5.041031416567193446e+01 5.299375708871934876e+01
6.251748251748251732e+02 5.135895842220418217e+01 5.388978657493692026e+01
6.279720279720279450e+02 5.228913234691742673e+01 5.476354606783695544e+01
6.307692307692307168e+02 5.320083593981200920e+01 5.561503556741922694e+01
6.335664335664336022e+02 5.409406920088770221e+01 5.644425507368407580e+01
6.363636363636363740e+02 5.496883213014461944e+01 5.725120458663116096e+01
6.391608391608391457e+02 5.582512472758264721e+01 5.803588410626048244e+01
6.419580419580420312e+02 5.666294699320201289e+01 5.879829363257238128e+01
6.447552447552448029e+02 5.748229892700237542e+01 5.953843316556651644e+01
6.475524475524475747e+02 5.828318052898407586e+01 6.025630270524300158e+01
6.503496503496503465e+02 5.906559179914677316e+01 6.095190225160172304e+01
6.531468531468531182e+02 5.982953273749069467e+01 6.162523180464290817e+01
6.559440559440560037e+02 6.057500334401584041e+01 6.227629136436644330e+01
6.587412587412587754e+02 6.130200361872209669e+01 6.290508093077232843e+01
6.615384615384615472e+02 6.201053356160957719e+01 6.351160050386056355e+01
6.643356643356643190e+02 6.270059317267828192e+01 6.409585008363114866e+01
6.671328671328672044e+02 6.337218245192809718e+01 6.465782967008408377e+01
6.699300699300699762e+02 6.402530139935913667e+01 6.519753926321936888e+01
6.727272727272727479e+02 6.465995001497128669e+01 6.571497886303700398e+01
